{
    "windows": [
        {
            "category": {
                "window": {}
            },
            "confidence": {
                "medium": {}
            },
            "dimensions": [
                1.5332525968551636,
                1.5311157703399658,
                0
            ],
            "completedEdges": [],
            "parentIdentifier": "0C52AC07-194E-4D2C-BF25-C22FFA251E28",
            "identifier": "CA31AB22-70DC-4EBF-B9EC-B95C06963B4A",
            "curve": null,
            "transform": [
                0.19011184573173523,
                0,
                0.98176229000091553,
                0,
                0,
                0.99999994039535522,
                0,
                0,
                -0.9817623496055603,
                0,
                0.19011186063289642,
                0,
                3.4412307739257812,
                0.25841248035430908,
                -1.2809323072433472,
                1
            ]
        }
    ],
    "doors": [
        {
            "category": {
                "door": {
                    "isOpen": false
                }
            },
            "confidence": {
                "medium": {}
            },
            "dimensions": [
                0.90762490034103394,
                2.3056802749633789,
                0
            ],
            "completedEdges": [],
            "parentIdentifier": "0C52AC07-194E-4D2C-BF25-C22FFA251E28",
            "identifier": "B9AEB861-9B17-490D-A45C-56A01D10EEF6",
            "curve": null,
            "transform": [
                0.19011189043521881,
                0,
                0.9817623496055603,
                0,
                0,
                1,
                0,
                0,
                -0.9817623496055603,
                0,
                0.19011189043521881,
                0,
                3.2002768516540527,
                -0.080834619700908661,
                -2.5252523422241211,
                1
            ]
        }
    ],
    "walls": [
        {
            "category": {
                "wall": {}
            },
            "confidence": {
                "high": {}
            },
            "dimensions": [
                7.4063100814819336,
                2.689960241317749,
                0
            ],
            "completedEdges": [],
            "parentIdentifier": null,
            "identifier": "C3A14958-11B3-407E-8961-8EC2D6CC9348",
            "curve": null,
            "transform": [
                0.98177284002304077,
                0,
                -0.19005776941776276,
                0,
                0,
                1.0000001192092896,
                0,
                0,
                0.19005776941776276,
                0,
                0.98177284002304077,
                0,
                -0.67509454488754272,
                0.1113053634762764,
                -3.2107827663421631,
                1
            ]
        },
        {
            "category": {
                "wall": {}
            },
            "confidence": {
                "high": {}
            },
            "dimensions": [
                3.4682071208953857,
                2.689960241317749,
                0
            ],
            "completedEdges": [],
            "parentIdentifier": null,
            "identifier": "54BC3AE0-020F-464D-A68D-7AE0B182ADB5",
            "curve": null,
            "transform": [
                -0.19005776941776276,
                0,
                -0.981772780418396,
                0,
                0,
                1.0000001192092896,
                0,
                0,
                0.981772780418396,
                0,
                -0.19005776941776276,
                0,
                -3.9811716079711914,
                0.1113053634762764,
                -0.8044734001159668,
                1
            ]
        },
        {
            "category": {
                "wall": {}
            },
            "confidence": {
                "high": {}
            },
            "dimensions": [
                0.17212477326393127,
                2.689960241317749,
                0
            ],
            "completedEdges": [],
            "parentIdentifier": null,
            "identifier": "CFBF8E66-2AF2-4AEA-B192-3365AB0434CB",
            "curve": null,
            "transform": [
                0.981772780418396,
                0,
                -0.19005793333053589,
                0,
                0,
                1.0000001192092896,
                0,
                0,
                0.19005793333053589,
                0,
                0.981772780418396,
                0,
                -3.4854185581207275,
                0.1113053634762764,
                1.2589232921600342,
                1
            ]
        },
        {
            "category": {
                "wall": {}
            },
            "confidence": {
                "high": {}
            },
            "dimensions": [
                0.18061637878417969,
                2.689960241317749,
                0
            ],
            "completedEdges": [],
            "parentIdentifier": null,
            "identifier": "7AD7A7F6-52FC-4F38-87B0-9C14B499F4AD",
            "curve": null,
            "transform": [
                0.9817737340927124,
                0,
                -0.19005298614501953,
                0,
                0,
                1.0000001192092896,
                0,
                0,
                0.19005298614501953,
                0,
                0.9817737340927124,
                0,
                -3.562929630279541,
                0.1113053634762764,
                0.88085895776748657,
                1
            ]
        },
        {
            "category": {
                "wall": {}
            },
            "confidence": {
                "high": {}
            },
            "dimensions": [
                0.39121115207672119,
                2.689960241317749,
                0
            ],
            "completedEdges": [],
            "parentIdentifier": null,
            "identifier": "43BCC98A-2888-47E0-9461-B1DA1FFD3648",
            "curve": null,
            "transform": [
                -0.082840375602245331,
                0,
                0.99656271934509277,
                0,
                0,
                1.0000001192092896,
                0,
                0,
                -0.99656271934509277,
                0,
                -0.082840375602245331,
                0,
                2.8539102077484131,
                0.1113053634762764,
                -0.1401614248752594,
                1
            ]
        },
        {
            "category": {
                "wall": {}
            },
            "confidence": {
                "high": {}
            },
            "dimensions": [
                0.38590455055236816,
                2.689960241317749,
                0
            ],
            "completedEdges": [],
            "parentIdentifier": null,
            "identifier": "F75D62A7-6B47-4B77-9962-C32EC6D9C296",
            "curve": null,
            "transform": [
                -0.19005443155765533,
                0,
                -0.9817734956741333,
                0,
                0,
                1.0000001192092896,
                0,
                0,
                0.9817734956741333,
                0,
                -0.19005443155765533,
                0,
                -3.4375960826873779,
                0.1113053634762764,
                1.0531309843063354,
                1
            ]
        },
        {
            "category": {
                "wall": {}
            },
            "confidence": {
                "high": {}
            },
            "dimensions": [
                7.2639122009277344,
                2.689960241317749,
                0
            ],
            "completedEdges": [],
            "parentIdentifier": null,
            "identifier": "C4A00ECA-701B-4FC6-BFC3-3A8DE9DB6981",
            "curve": null,
            "transform": [
                -0.97375565767288208,
                0,
                0.22759565711021423,
                0,
                0,
                1.0000001192092896,
                0,
                0,
                -0.22759565711021423,
                0,
                -0.97375565767288208,
                0,
                0.16735656559467316,
                0.1113053634762764,
                1.4850519895553589,
                1
            ]
        },
        {
            "category": {
                "wall": {}
            },
            "confidence": {
                "high": {}
            },
            "dimensions": [
                1.0556305646896362,
                2.689960241317749,
                0
            ],
            "completedEdges": [],
            "parentIdentifier": null,
            "identifier": "910B351C-ED52-4D71-9EE2-37FC6A90CDD4",
            "curve": null,
            "transform": [
                -0.19005811214447021,
                0,
                -0.981772780418396,
                0,
                0,
                1.0000001192092896,
                0,
                0,
                0.981772780418396,
                0,
                -0.19005811214447021,
                0,
                -3.4695966243743896,
                0.1113053634762764,
                1.7934749126434326,
                1
            ]
        },
        {
            "category": {
                "wall": {}
            },
            "confidence": {
                "high": {}
            },
            "dimensions": [
                2.708998441696167,
                2.689960241317749,
                0
            ],
            "completedEdges": [],
            "parentIdentifier": null,
            "identifier": "0823D356-05B1-4F90-AB88-8B0AB9303AD6",
            "curve": null,
            "transform": [
                0.98177272081375122,
                0,
                -0.19005806744098663,
                0,
                0,
                1.0000001192092896,
                0,
                0,
                0.19005806744098663,
                0,
                0.98177272081375122,
                0,
                1.7841911315917969,
                0.1113053634762764,
                -2.7133548259735107,
                1
            ]
        },
        {
            "category": {
                "wall": {}
            },
            "confidence": {
                "high": {}
            },
            "dimensions": [
                0.956199049949646,
                2.689960241317749,
                0
            ],
            "completedEdges": [],
            "parentIdentifier": null,
            "identifier": "E38F1BEC-6C41-4A20-A0F7-134CD4939A3F",
            "curve": null,
            "transform": [
                0.16046762466430664,
                0,
                0.98704099655151367,
                0,
                0,
                1.0000001192092896,
                0,
                0,
                -0.98704099655151367,
                0,
                0.16046762466430664,
                0,
                3.0372822284698486,
                0.1113053634762764,
                -3.4426922798156738,
                1
            ]
        },
        {
            "category": {
                "wall": {}
            },
            "confidence": {
                "high": {}
            },
            "dimensions": [
                2.5671899318695068,
                2.689960241317749,
                0
            ],
            "completedEdges": [],
            "parentIdentifier": null,
            "identifier": "0C52AC07-194E-4D2C-BF25-C22FFA251E28",
            "curve": null,
            "transform": [
                0.19011178612709045,
                0,
                0.98176240921020508,
                0,
                0,
                1.0000001192092896,
                0,
                0,
                -0.98176240921020508,
                0,
                0.19011178612709045,
                0,
                3.3580281734466553,
                0.1113053634762764,
                -1.7106031179428101,
                1
            ]
        }
    ],
    "openings": [],
    "objects": [
        {
            "dimensions": [
                1.2277851104736328,
                0.76229739189147949,
                0.17656348645687103
            ],
            "confidence": {
                "medium": {}
            },
            "transform": [
                -0.9737555980682373,
                0,
                0.22759571671485901,
                0,
                0,
                1,
                0,
                0,
                -0.22759571671485901,
                0,
                -0.9737555980682373,
                0,
                0.78943401575088501,
                0.3726348876953125,
                1.2489926815032959,
                1
            ],
            "category": {
                "television": {}
            },
            "identifier": "4D10A6F3-30DF-474E-A58E-F99CDA65C1A4"
        },
        {
            "dimensions": [
                1.0592962503433228,
                0.26930594444274902,
                0.53709262609481812
            ],
            "confidence": {
                "medium": {}
            },
            "transform": [
                -0.9737555980682373,
                0,
                0.22759577631950378,
                0,
                0,
                0.99999988079071045,
                0,
                0,
                -0.2275957465171814,
                0,
                -0.97375547885894775,
                0,
                2.7583632469177246,
                -0.7542075514793396,
                0.60367244482040405,
                1
            ],
            "category": {
                "table": {}
            },
            "identifier": "E3CB82DA-4352-4FA5-A41E-DF75AD30BD4F"
        },
        {
            "dimensions": [
                0.54753488302230835,
                0.46359169483184814,
                0.59628760814666748
            ],
            "confidence": {
                "medium": {}
            },
            "transform": [
                0.99594157934188843,
                0,
                -0.090001471340656281,
                0,
                0,
                1,
                0,
                0,
                0.090001471340656281,
                0,
                0.99594157934188843,
                0,
                0.96274751424789429,
                -0.65706479549407959,
                -1.5032069683074951,
                1
            ],
            "category": {
                "chair": {}
            },
            "identifier": "205D7FFD-3BDD-4C50-B39C-AABBFEF2343F"
        },
        {
            "dimensions": [
                0.42901638150215149,
                0.34143543243408203,
                0.49708098173141479
            ],
            "confidence": {
                "medium": {}
            },
            "transform": [
                -0.99999958276748657,
                0,
                0.00079320563236251473,
                0,
                0,
                0.99999994039535522,
                0,
                0,
                -0.00079320539953187108,
                0,
                -0.9999995231628418,
                0,
                -1.6361837387084961,
                -0.71814292669296265,
                0.83416497707366943,
                1
            ],
            "category": {
                "chair": {}
            },
            "identifier": "4286A83D-F781-413C-BDDE-3A60EAF1A99F"
        },
        {
            "dimensions": [
                0.48283791542053223,
                0.51292383670806885,
                0.57016158103942871
            ],
            "confidence": {
                "medium": {}
            },
            "transform": [
                -0.35126158595085144,
                0,
                -0.93627727031707764,
                0,
                0,
                1,
                0,
                0,
                0.93627727031707764,
                0,
                -0.35126158595085144,
                0,
                -2.2811222076416016,
                -0.63239866495132446,
                0.54315865039825439,
                1
            ],
            "category": {
                "chair": {}
            },
            "identifier": "03B6E18F-9AE2-4E5E-8200-162B69CD6CA2"
        }
    ],
    "version":1
}